Provider Business Mailing Address Postal Code
688482168
322044736
NC
757513446
770901243
945594515
436151753
105303455
794073545
774793163
850168034
730701330
130901654
631282786
323084489
IL
457012857
385552854
554162527
891251737
300609403
OH
770542935
110215306
278862011
560072919
363031928
500363930
376620009
109014830
080511606
061051719
MN
109652029
215010808
223021200
218041884
SAN ANTONIO
494311908
130574504
144241728
AL
54729
130412333
TN
080941137
875054728
283749191
372440100
AR
194380907
341101497
372037517
453739276
782392947
495466443
457012857
891251569
278345704
SUITE 202
840540610
761132457
891414371
853957804
402950293
080941137
303091423
372031513
223021200
401430364
468012526
320825229
226016365
900381662
618203909
DALLAS
370560778
394023107
770822437
IN
378141084
TX
566492208
372440222
761044110
061091278
076451718
040112681
633664281
616142078
300609403
376642371
468044133
NC
931081502
282600447
031011325
303271610
958165120
890745889
841242603
468010208
NJ
39232
775984141
370552850
021311000
553628575
049158888
846043305
""
334012717
272035717
303845827
381344679
442365026
226013834
370552850
110215306
PA
521327577
074320343
190462852
875054753
075070037
547294410
322314008
WACO
IL
038017156
061091278
330246456
374211688
MN
599013034
372440222
421229675
342365945
272162240
598015652
038017156
""
""
109652029
921172100
076301381
303091709
FL
132042866
FL
132101203
708843130
762012301
772511320
631283718
342365945
490109511
404222016
074320343
TX
550215441
CO
253023389
077282579
851300020
283749191
LAS VEGAS
TN
651104240
457012857
440704013
372440222
453734748
RI
303393035
278345704
WI
010221079
70121
770542935
757018355
402950293
737370511
070902520
404222016
960011660
019153370
850440614
215010808
283749023
MN
374211688
442364058
049158888
376620009
""
342365945
376620009
MI
427011931
972247736
338045004
797044157
434491358
271033211
TX
363031928
201863026
300609403
325486655
651104240
IA
017781728
370552850
215010808
770901243
PA
597011506
159054305
490091859
775042176
853383005
502083135
436234493
458852447
049158888
NJ
604524006
080941137
271020344
986846930
463212879
236011318
900748373
891171666
37228
271033040
402053344
850642490
287040489
712013008
852977826
136012674
223021200
OH
303091709
342365945
TYLER
370552855
926040313
""
176044216
713032751
331665437
62864
770345491
300123872
CA
356010776
770896097
287123378
970625701
796041198
32940
330246456
STOCKBRIDGE
463223633
435602263
366062457
491279368
84123
462021465
282600447
785726657
323080588
330246456
176044216
620522000
NY
CA
208551836
84123
372440222
282072027
121102442
402074652
606061216
674562328
441171714
NJ
122041030
770368271
796041198
161274604
701158220
468044182
274388157
220306911
038017156
274011004
CA
346843176
282602148
""
530983331
207703525
631101010
468010208
301651625
53081
IL
799304210
757018355
70121
750382617
381053678
837012777
465803163
958172149
468010208
""
631504407
278344300
372281317
972271800
851300020
853312915
402053344
282600447
891938978
907121509
809032367
394023107
286812402
329401876
479055153
287341064
303741331
640556445
323080588
627032403
061051719
NJ
465803942
278345704
CA
MO
193412580
297328968
278345704
280013447
""
32940
606123515
230723464
681143907
OK
370752520
100343125
061051719
850642490
631282786
891092310
440605768
468044133
113774156
""
IN
461638652
431303307
159054305
850062664
029142012
323084489
315396341
300609403
303393035
038017156
282072027
331801204
372281317
640556445
336062707
967344400
468010208
402950293
OH
272162240
136012674
770345491
176044216
194380907
282600447
606149263
370552855
212295201
750626313
404222016
633664281
293033080
""
080032118
630190350
374211688
376620009
850642490
716555729
457012857
958211619
972093042
871084729
775054403
73759
547294410
372440222
760926516
784043154
""
03051
170139036
217423108
967932528
330246456
IN
286075089
444844706
547202245
432021559
431303307
191788735
339014900
TN
007172116
210934568
373840519
TN
AL
180151155
294058533
371330759
074320343
630173662
MD
181042309
37203
210144381
282602585
43138
463832251
972256608
731269092
""
496018833
456011457
WI
PA
""
217406474
217406474
752401331
437011487
448704669
421418068
905054761
220463918
616144676
660673544
296710919
331763708
37604
277042121
OH
381053678
154252405
500103309
577064821
320735072
379195054
336063601
631418573
606035300
011082320
197134236
218041884
VA
210144381
303840519
770761301
430782251
031105031
IL
379195054
342365945
327711047
18015
""
296160039
430164259
235172128
150909303
NY
336550001
305012059
655363664
294058533
600900457
773255352
AL
100875801
KS
177027606
772104439
TN
73104
""
441930002
441242299
630190350
322042962
241412827
782293539
457012138
379195054
44109
752846098
150253747
275197425
421037947
074320343
791061705
070331657
150909303
029171518
283043815
""
VA
746300216
29732
212973215
324467993
MA
14618
29127
402021745
330404536
370752379
320734999
306563370
336063571
TX
67152
787451120
372440222
323084646
210142905
331732505
""
074320343
291156043
365330374
NH
356603431
325132266
217426756
064922360
553874552
453731373
379195022
83704
150909303
441312351
105951530
319048744
191413040
450696308
402021745
040110896
150253747
305013862
436065140
""
758024550
211575750
210443128
330246456
342365945
""
180452658
342103518
079607360
PR
334012717
NY
NM
925959549
150909303
006040431
45069
433579525
421011759
752434411
379195054
170330858
436163344
OH
927288877
458401214
MI
770542900
CO
330253957
465266943
647301805
967931958
""
278345704
TX
049158888
KY
376026152
853754482
329555213
791590728
336313911
339073852
370552850
223063410
372440222
972271800
891938978
852300097
554355657
727612201
970627707
640556445
339073852
999250089
CA
631418253
805244373
125241630
934367088
631418253
737035751
737015951
857042643
960672209
919760606
208544967
605659306
FL
492241750
465442024
""
447181614
CT
945473762
140679210
207703525
""
440011174
295264107
078761452
128665902
972132935
442121115
""
""
019041033
770301532
941181863
038015465
558072530
721435206
94103
TN
532261835
926273000
752294241
954046617
""
116921782
SPRING
211362331
OLYMPIA
681143907
245011424
322044736
485073170
613563901
150909303
372281317
""
331657070
306223078
744650977
IA
FL
381334032
33331
031011235
334862337
171041612
303840519
125342000
432600001
934639519
327711004
LA
150909303
76801
322044736
814133822
549562883
MN
781305322
605045502
42103
216201435
321297453
SC
304584828
531328274
330246456
212375333
LA
381202361
554313530
478827633
150909303
68845
327203282
217024895
366083784
125342000
189012567
421037947
143051338
210425234
787455253
TN
481871533
402021745
688482168
222053610
""
194381032
194380907
814160008
767127902
701193221
481090999
381397805
117472354
283047448
178512148
681143907
117331905
794073545
736630811
767020308
CENTER LINE
""
681021245
173562605
783324822
330246456
CO
189012422
381015111
334316437
836172713
760132049
773384271
903014505
150909303
741335717
372440222
TX
676541432
155012033
611073879
CHARLTON
995200149
774594070
471303554
212644358
150909303
125712445
115305774
194380907
339902618
170111708
37203
279542288
381193806
076011444
305012059
330246456
CA
283043815
92660
174034594
750623636
006039367
900313321
278850100
705032632
381053678
64772
""
527325067
550511110
TN
229015708
713061255
TX
773513226
130574504
194222324
640122165
432074011
190534324
883107829
410173422
805251197
150909303
546015429
402074640
806014006
322044735
100875801
931034224
452021454
LA
OH
""
13442
IL
352940010
802113704
011991619
760481953
305013862
883108726
211575647
945917284
811012340
115761353
549047668
601232019
303845827
773518336
UT
857121256
194222324
796041198
SC
372031831
FL
321622699
12054
327576711
334962224
294571189
452423763
TX
70115
383583448
640556445
456019031
462021465
356305719
WI
223021200
NY
178379350
871094397
061051719
278345704
150909303
794072407
235021871
972132982
FL
147016626
282072034
038017156
272162240
302742620
COLUMBUS
TN
440949004
346901857
891938978
641579742
303393035
402074712
600891796
NJ
PA
852093321
CO
880118259
173312297
941096700
376620009
329013235
730770798
640556445
591022497
648041512
029142012
303393035
PR
443211343
PA
469968818
802263115
100073618
322475720
278345704
339014900
112091483
010203606
046523620
297322984
825012289
""
""
988012028
080691301
337563342
172682353
278345704
336472644
330246456
OK
040382189
286803757
444844706
825012289
080031632
44708
NC
401215111
13613
CA
456011174
330246456
481672098
297322984
339014900
444844706
446019224
481829619
""
208321503
272632710
435513429
444844706
330246456
300436913
294058533
MN
074320343
338814537
""
339169413
329013235
336062707
NC
208544029
""
STE 211
""
180151152
330246456
294058533
444844706
16428
170331402
421418068
301061153
086482526
PA
MD
770702118
180151152
MD
217406474
367260699
441312920
218045940
LA
339073619
339014900
688482168
336882284
448704669
379195054
331801226
423033223
731093215
133571701
688025434
769055157
446019224
381334032
020352035
342365945
007170202
432296209
330246456
296311430
074320343
322044736
737172339
787455281
SC
339022147
430782251
436163587
7029 BRIERHILL CT
178428910
OH
333283007
112282413
431304056
770691941
150909303
217406474
NC
688482168
NY
453240000
JACKSONVILLE
490481630
KS
172014213
LA
379195054
432600001
339045781
66502
770902617
347340757
782305119
TX
786203908
MD
321274224
342365945
688482168
00783
372440222
376042364
376043693
473042042
218014700
150909308
631366132
672063405
331602290
""
500221812
525016414
027473322
411051595
322042962
038334849
NY
339045781
166011705
704338107
782335725
TX
NC
372440222
431304056
791061705
561431572
294058533
FL
674392541
174034269
325032021
181042309
336062756
329013235
CT
218045940
322044736
379391046
ORLANDO
342365945
180348219
487640239
481972061
853235960
606133910
336129416
981460420
117103427
209041201
934587310
99203
054523772
837131986
410175403
600913023
38016
293011655
040904508
""
774291694
346836627
752272915
94022
457509252
190472180
957655562
CA
""
""
604689115
631226161
FL
770791752
891461256
108015028
945330021
366082036
""
891280458
602022512
853064660
CA
934547001
164171632
906231730
752844737
190502205
CA
600681342
208154330
980121283
""
442213228
435602800
441244192
064053846
334316401
215024053
281466018
100102547
910163415
926182127
CA
937105900
072021352
902453738
307203118
""
502168747
073042054
737034945
983918988
432131008
""
630253731
928684231
631416322
333515263
115181739
115962310
949473014
074702062
190387454
LAKE MARY
105890101
752406520
452424451
63385
ME
913118227
104672849
191064610
200366501
189013525
054899610
212083326
FL
152172503
451402795
115792122
080546409
294612692
240183530
100191628
495343638
200152215
451402795
101185222
190471845
MO
921284113
200163249
024924424
OH
598599540
NC
115632806
""
CA
600678207
339035230
017424302
114231034
079604167
770902833
212758952
PA
110214640
700473811
194649220
117474701
115103354
600354348
863262616
606183624
752844737
100191559
OH
072053125
201513621
609701524
019231027
338233321
952043037
""
381193824
752301504
945334079
061101893
454403913
782167120
115761803
779954868
980268006
168036709
234556828
100224148
CT
212284141
287159323
770753412
980267536
483022533
303384113
91324
600301640
208764085
770241806
945014211
852184679
906204263
352421809
440741600
124015848
334093509
927084475
ME
074521501
CT
336062707
MO
758024550
330246456
402021745
431301186
""
450696308
305061648
281157924
211575750
044015439
150032412
791061705
782293539
605045502
458401390
805016544
150909303
342365945
381032800
730160027
381053678
284036507
125342000
402021745
""
465803163
468980070
304584828
011043241
532153660
211575750
370552855
OREGON
330246456
453731373
32746
275891716
305012059
245011424
381334032
224014923
GRAND JUNCTION
431304056
OH
025367928
PA
37075
006740858
372043708
024532717
21804
605174982
FL
397051501
372440222
113581922
342365945
786110426
477323366
373150891
009362186
750623636
805259433
478089524
IL
014204303
29307
165071466
335116063
631418232
43623
301142432
342365945
934035435
903014505
729133363
730960608
336011289
IA
773797141
601344200
774594070
681143907
283043815
32960
381334032
37604
146420001
988371874
750623636
11201
370552850
770542949
331732505
088051545
150909303
303421709
481871533
372440222
436061171
435379383
117873855
105322140
330246456
""
IN
305013862
156012655
25560
CA
12054
731204417
44805
601882402
KS
770305400
330246456
641577717
750604501
208522328
334266346
478081054
43623
""
305013862
372440222
FL
136011225
983752424
UT
370552855
296211580
988374107
928693202
381053678
381334032
975280041
FL
693372347
553895857
294069139
852516451
161461704
740127950
125341219
738480902
772104439
676722002
667623801
215021845
130574504
191788567
417011441
761472290
330246456
FL
108032723
342365945
110421103
851300020
064885389
778332610
349907949
372440222
421037947
110422058
NE
799024851
040732642
381053678
064842030
430812682
327150505
272162240
431129586
179312427
465152968
376620009
41702
939124363
850642490
CA
179312427
331732505
210443128
327576711
774181372
""
285011584
371870640
329013235
462564697
OK
502083135
MD
339073619
301061153
""
441242299
346677180
074320343
754822131
086482526
685063138
374034115
336062707
294058533
446019224
229025375
330246456
731721175
300764907
218041884
336172439
462564697
321209671
339014900
150909303
TX
218021978
469028007
086482526
""
009276638
KY
559011633
301061153
379195054
525012531
800420429
TX
294058533
VA
342853209
296790249
281157924
330673356
218045940
339014900
339073619
328919296
023014985
027195252
217406474
321177130
218041884
727124045
TN
150909303
370274536
547202245
446019224
336062707
379195054
342365945
GA
074320343
731721175
MN
339014900
337332868
FL
150909303
330246456
064432041
""
731093223
174049715
105320009
178725313
""
329583244
NJ
445022320
547202639
TN
TN
672033972
21502
379195054
OH
100878064
MN
327266258
463212938
339045781
761073606
115705732
852248632
217406474
446019224
ME
320735572
150909303
813023279
011082320
478089524
170111708
381182205
GA
467333139
662155210
370677289
758024550
372281317
770542935
761044003
745382838
852342965
287790111
174024647
303421709
660442249
322551308
421037947
797614733
""
342365945
805381255
159054305
KS
PA
372440100
436141509
330246456
346985427
PA
070410724
285801332
TN
342236453
NY
038334849
372440222
146420001
515372409
170330858
676012370
757016623
750623636
498011510
19118
787465587
465803163
988374107
370552080
282751069
983833416
049760468
782293539
150909303
171041621
352053423
794101834
857413533
329624711
478081054
605214541
741363903
OH
330246456
088051545
773883589
871057600
470254125
217426700
381334032
336550001
328325913
376043693
77069
381053678
77642
786110426
754606076
787455253
481667804
IL
TN
150051338
TN
478827633
341046144
087013324
""
341081946
617020757
115614758
212285943
770542934
468084417
18015
296211714
NH
746310350
647722803
235170680
218045940
150909303
324462173
37604
381053678
729088028
117333951
60637
32225
294058533
303840519
MN
379195054
322044736
370552850
735055978
319048744
181042309
381334032
150909303
437011487
770542934
802373486
37604
32446
TN
33486
212861632
60018
279541000
457011300
NC
474415013
669013923
608052746
751890758
911851555
146420001
370552855
787455253
336062707
331361409
""
820713068
NC
397051938
""
773393773
150253747
681144113
347414421
570495084
729135710
741363367
465803163
809078507
381334032
631500001
117561032
775988106
381334032
926533651
329358110
283043815
007839509
805381255
""
009368344
452293039
""
210443128
125130626
903014505
670371724
335116063
305013862
600950349
""
714831334
478089524
478827633
452293026
150909303
372281317
OH
492211476
236064430
436061171
NY
342365945
GA
INDIANAPOLIS
995036645
380024564
577029543
100878064
787343218
331732505
OK
278345704
336062707
323084646
MN
303421709
336341029
NC
170111708
468055410
469869578
381334032
305011315
134131001
235171675
342868050
934034659
PR
LA
150909303
215021925
463738824
150253752
NY
FL
25560
366035827
372440222
436082691
117672114
381053678
737380497
NH
OK
549047668
061051719
327576711
844056957
370552855
978011912
465803163
681080577
380121656
GA
049158888
814014273
857358971
985095008
229037123
930032916
544944622
194222324
MN
503094538
384642208
820722884
29307
787598862
074320343
150909303
077011822
774594070
741363347
372440222
334016349
627024952
303421709
748480671
740127950
719026005
170111708
752433405
010779690
187045149
211575647
469522600
857192306
787233079
469522600
170111708
SC
150909303
176044216
""
110215100
303532779
450144670
330246456
342365945
770203022
883106414
741363903
601745799
757832144
303421709
372440222
235021871
342852424
782587551
465803163
MN
641144698
740127950
211575750
009183401
462502805
794242307
800141371
761202808
171041612
713061255
305133240
814014273
""
773513226
215021845
871094397
772931527
330246456
381870825
740127950
150909303
719136440
FL
43623
""
857413533
031011235
278345704
333100488
066063611
19111
MN
370552850
171041612
146420001
329230278
""
049158888
494422459
372440222
488558703
194380907
368755715
485323425
150909303
NJ
NC
150253752
077313714
781640142
305133240
431303364
424202668
TN
331434825
130574504
729088611
713061255
MN
814014273
171041612
945917284
641144698
662033065
838357677
276076000
212375333
14760
TX
549047668
737502749
604611010
229015708
292111807
753975503
431303364
150909303
303421709
194222324
193484717
764301567
TN
28376
738580591
381053678
337014804
660431704
322042962
146420001
194380907
049158888
681143907
""
327576711
150909303
601262884
402583913
331334311
176032964
065115210
956422147
891938978
760481953
850544502
760124662
719018282
065192844
""
372031831
641082640
AR
146420001
450441900
456623943
975013647
305013862
134212829
150909303
00917
046191329
327576711
585236134
921082448
681080577
820722884
341081803
974770004
OK
43623
760481953
194222324
170111708
436082681
410173422
774596917
814014273
330246456
110421103
631282106
297311647
376154998
220332921
930307657
601741204
794101314
TX
875057601
342365945
074320343
304584828
853820817
461768897
322043703
331733570
435289358
194222324
OH
331942529
305013715
196071535
322042962
758024550
330246456
857102156
144379502
IL
TN
OH
71303
381385961
329605307
022415348
""
WA
30501
791061708
461768897
417020719
330246456
""
176011533
372440222
283090908
CA
""
150253752
MASHPEE
739470121
007852497
551132617
402021434
483076117
461730608
668010928
OR
980043817
372440222
122061098
WA
334862359
703014847
410112370
671563145
503094538
334366216
483076117
562671540
784042232
410421618
068252713
337111142
322044317
381053678
196081174
305013862
465152968
KS
323084489
336063571
156017328
972256663
330246456
882405529
CUMBERLAND
372440222
196081174
120654397
110421103
870351520
286252280
110422058
OH
70001
461764026
300409241
857121256
330672392
34748
021244742
049158888
363031928
629483619
327576711
731169126
FL
MN
417020719
44106
322044736
194222324
070695900
""
305013862
366064014
176044216
637035049
170111708
""
334704937
WV
801233087
275162539
277134430
805388702
117068301
308136324
212047733
WARRENTON
857102156
25560
194222324
770047005
452633079
713061255
701196203
430152255
752357205
331732505
871094397
031105031
194222324
372440222
""
049158888
TN
110422058
349577233
370552080
26288
028171568
857102156
169011813
48310
383051624
327576711
975046108
799022203
874018990
110421103
554162527
492429812
471303554
KY
85732
769510046
370723132
441242299
376025725
194621560
381053678
565400008
786282028
714575702
150909303
322043703
""
931172269
372440222
327892127
159054305
809063571
110421103
070020079
559751226
110421118
672181013
761132626
AZ
330246456
FL
532012040
38119
068306098
381053678
329604804
468010208
417020719
""
79096
851300020
641141344
460604366
860033630
130666600
068042430
930307657
890842496
891251569
974771198
640620484
132101803
468010208
417020719
633664281
809103113
992042349
372031835
778332610
342061289
432154741
009221965
IL
376620009
381480001
150012219
809063897
336062707
337011547
460604366
741045645
134135319
34471
176044216
218041884
48183
970358653
494642608
985842169
208501341
038784401
945318811
352053423
322044736
169011117
282751461
758024550
761472290
814014273
196081174
471303554
297329583
IN
334345637
380029230
370552855
778332610
030610808
342365945
372031831
117464224
381052794
LAWRENCEVILLE
376604632
91790
402021785
84317
773800986
875711687
383013915
813017306
417020719
ROCK HILL
441242299
875440129
453650537
975013647
342365945
372440222
330246456
MD
376207430
44241
461431533
880114907
""
LA
PA
381830658
410173422
286074738
CA
110422058
224822255
152181842
616148502
41702
813017300
075121717
33619
175511506
782293808
22655
009693619
29646
061061541
""
330246456
KY
196091627
891938978
""
370552166
342365945
296480369
OR
477152857
431301381
871094397
446463616
770633200
281504843
462502890
778332610
920253219
900892211
43608
MN
758024550
328045533
306062287
436061178
417021988
334072028
857413533
595230309
176044216
381831693
064732129
381053678
142215725
""
70810
800145476
372440222
334984836
778332610
342365945
336063571
462502805
441950001
483751849
TEQUESTA
150012219
450144670
681080577
185181726
900899178
335585388
381053678
278893222
PA
117620270
215010808
WA
450144670
285612248
009221965
435289291
283090908
FL
120545200
327576711
445126415
NY
891092310
336062707
297304542
681080577
331732505
376620009
410173422
758024550
973654895
MS
672181013
363031928
330246456
061051719
370552850
176044216
430827445
741321823
320735128
327576711
549410043
930307657
336062707
960020732
93292
452636961
595230309
022845398
TX
MN
070152756
778332610
80910
421037947
342365945
370723132
009221965
809063571
221932243
372440222
850642490
441930001
750935841
VA
705086984
341046144
468012526
""
410421618
778332610
327576711
980555791
074320343
200363736
372440222
339071412
113751261
068106814
TX
130579226
334284831
021291647
FAIR OAKS RANCH
300609403
100296500
370552855
381053678
930307657
134401441
037434940
471303554
809103113
986846930
150909303
201181769
741045645
150253747
39521
199711431
060690789
956674546
009221965
891092310
778332610
142091802
134132323
785723562
752433405
372440222
109014927
100071131
376840699
981663049
951281706
CA
726533158
124774619
710403202
930307657
334013404
336062707
740183500
372031831
481821330
852224776
750014219
791061705
""
651015227
851300020
752650865
074320343
778332610
292111807
372440222
""
342245137
17901
038017156
363031928
890368108
853547929
215010808
468023201
032292020
16801
700064279
MA
372440222
""
125712407
300609403
LA
934547001
928451953
134131014
IN
891455721
631282786
100296500
708102859
132101803
70458
327576711
342365945
070133518
980747209
""
870490130
FL
420712428
283609494
926122741
047693102
GALLIPOLIS
681080577
CT
229401930
245315253
TX
370552850
LA
342333252
891092310
278345704
327203256
469628669
MN
150909303
CA
481381264
376620009
925577222
713061255
773512840
038017156
87114
MA
372440222
286213464
300762827
TN
681032597
851225934
900233345
176044216
376023700
468010208
144241728
PA
451441302
777021500
448704669
331734765
""
TX
PA
363031928
FL
TX
210443128
601262885
300609403
372320001
417011554
130574504
45324
NJ
150909303
349493123
MO
021162336
130574505
132042866
465152968
850642490
768015918
945464331
786245307
467501661
928451953
328863026
342373116
130574504
891092310
547294410
705086984
376620009
009361965
NY
331732505
939124363
PR
KY
431304056
773391510
651095731
395645732
770952856
970709697
110215306
284228320
381344679
GA
027712802
417020719
891251569
330246456
150909303
70121
MO
447183614
794073545
049158888
330733754
951221880
TX
MD
134132651
MN
322043703
334316437
752190537
852300097
376620009
100323722
210443128
891092310
207703502
IL
074320343
MI
208321504
TN
293042168
773396008
""
770542934
176044216
283044554
651104240
794073545
330246456
150909303
312101214
031011235
395645732
130574504
704273845
404899656
IL
502083135
921980199
18812
452630043
731124426
NE
381202300
784043154
105491009
672112424
452021454
778023494
481761329
""
337578744
456624525
852222552
MI
366086768
373216205
801340000
546015429
900840001
130666600
750718034
787562433
381334032
143051341
370676674
604401322
436141509
688025020
731124426
LOS ANGELES
""
119761375
975275788
754831367
685067250
980062940
177011900
485071083
CA
712690749
323088405
488241376
447207265
731124426
142217472
150909303
288014811
076242616
456018603
183435212
423031449
261054131
303532779
110215306
276125243
171121089
122083401
502083135
303501826
837012777
IL
62959
IN
600483141
60521
""
850182322
112013949
956707967
283279340
973552396
242192365
335114937
""
945363823
240164703
986846930
137604766
761042252
449032269
381190113
712512053
068971906
IL
50613
988413208
371290000
022416457
986750299
902111828
945983007
CT
755033513
78705
383440525
100875801
546015429
891173067
392164500
972271800
957655612
NJ
770744335
070805530
288014811
543012300
MI
153018613
""
882204013
323084470
934547001
211175249
436065110
982251935
436151753
152376003
339147051
339084243
483752416
150909303
01854
150632564
443104115
100875801
261054131
110401661
MA
066112556
554332630
142272379
MEXICO
799153226
543013528
191036231
744476351
""
NY
323084470
730775000
921980199
243610531
CA
""
300408217
142283604
982045321
423031449
421411400
AR
OH
660622696
436151753
OH
309072464
836166081
208321494
064101600
975266012
288014811
625688927
105203026
495032560
480352012
040966720
782176115
208863127
487329710
606112974
138501511
460407500
""
TX
330242200
191473404
52807
TN
241128388
770902640
787511213
770741424
342365945
VA
060513916
""
273205450
857413533
386188133
WA
241433605
527614205
685052080
891938978
333212956
490109511
480341753
874016002
TX
604502476
373750700
857556225
370438912
762016023
782294427
""
787345634
NJ
711355687
554022708
336064125
342365945
513014342
371228015
731625509
757512515
190083508
837061346
303842145
314161416
672051228
NJ
170111802
983734252
772104346
456019031
522421009
423031320
""
LAKEWOOD
754822136
006811838
261054131
240164606
NJ
775753549
441392664
713032752
752511527
480341753
852138335
381195212
773052648
100214872
871107020
672051228
342033166
328011026
MONTEREY
190084202
466171924
314161416
OH
837061346
417490950
891251737
342365945
937444437
456018603
462061105
641311167
076451718
837061346
705705740
939407885
953826707
760216606
333345719
""
563081760
OK
""
MN
""
60914
683102001
446229469
280780327
432042643
672112150
15857
930307656
950739707
613260597
939407885
461401404
104636110
TX
857323627
300945169
""
064754214
895021181
775124104
031106723
85732
98057
031106723
945183604
110232322
283605387
394659640
106051460
212791128
IN
713018421
226015085
750758633
113745217
631291064
10715 TIERRASANTA BLVD
908154020
968223669
403591533
125711511
902323659
322162708
NJ
VA
689331200
TX
544521633
NM
NORTHVILLE
OH
WASHINGTON
11747
381193806
283090908
435371863
970065170
535450900
784043154
381831287
376620009
430816709
080099263
444069008
NJ
528072125
977016051
OR
285031578
322168014
342365945
685067557
328861295
857413533
430687268
396482872
495259746
420661194
941181508
75042
CT
810052174
331743527
TN
760162792
731171039
301265968
11746
WI
049158888
794085865
NV
KS
462786013
100878064
465152968
875053554
283090908
070241732
060513916
145690150
082100898
606451707
857413533
495259723
787594093
071925275
685067250
770741424
775716215
070459206
468251912
803012431
061192110
325051714
754831367
436233075
799233835
372031831
CA
633766438
300474893
421043368
513014342
GAINESVILLE
MA
TX
786668939
HOUSTON
TX
761068576
381480001
061083288
921980199
905055004
323084470
283279343
799052415
637034918
543012253
MT
496842349
730775000
334416114
231116921
853648112
""
117792324
CA
794231931
TN
777014664
WI
975275859
MN
477126517
079603406
CA
OH
945666130
714493718
FL
97527
625213883
PA
381334032
452021454
328197220
370273280
588016056
983839123
OH
875054724
100878064
757117939
372031831
342365945
334963313
152131556
WESLACO
468155676
654531664
WV
144241723
403531000
432092459
900840001
165053380
WA
212286204
320345560
AZ
AL
078404001
546015429
""
337161823
064844616
FL
381334032
14701
PA
931054311
993367807
908067423
921084422
720153745
""
""
458013968
335435453
410173422
309072464
480352012
339022147
323084595
330502503
294123437
175439205
144241723
801340000
432154741
921205256
836172776
UT
303743409
071014876
956286015
AR
583012719
462786013
784195130
NY
TN
454295948
784043154
455029285
456018620
939238650
403531000
465152968
077267936
047693102
323084470
648041606
309072464
MN
""
137904318
452481067
601941331
79903
770304848
""
790190231
""
972271800
MN
150909303
442782117
OK
652653724
546015429
462786013
275144220
726540444
080432468
309072464
372281317
WA
161251725
TX
159054305
481162334
150909303
477101739
781142731
440672160
323084489
543013528
144370530
IL
554332629
KS
935344167
546015429
975261430
606402306
480352012
669015201
EDINA
MN
770251669
758352003
300678658
913071988
370723132
958312445
750010580
NH
146181213
664414158
210140667
700652568
672113002
168015419
442782117
932151737
376620009
220331700
208156912
212051806
441225412
370674626
386188133
142283604
571054266
71301
068901135
VA
458401313
080802233
323084470
276125243
342365945
088352243
452636988
635522029
210453912
""
700062146
950322600
436151753
070805530
989023208
132241613
945983007
342190499
TX
543012300
288014811
394023107
123082589
309072464
284060686
208321521
625681213
982819206
CT
070544909
297326437
954033612
436151753
767021327
378143216
NC
238605032
124013849
913353700
030760906
954534803
""
CA
080162385
CA
40324
""
SANDUSKY
731124426
372058326
468044133
274388008
100875801
402023801
IN
360803722
150909303
140922061
295754833
""
751042685
180731603
190380429
302363629
201863026
370133130
NJ
857413533
757011955
016091930
844031956
760434449
330761916
620343304
926481714
600313300
600533453
953505341
631322915
923765658
913627129
465264719
435429767
757011955
513014342
600313300
MN
016091930
282602484
857124046
064924243
060403539
875081395
925624904
850487646
191044206
688034311
971283926
94040
384644233
927801961
FL
455032737
212042055
550928013
401432575
071014876
850122929
436063895
325031532
857102119
261054131
110012146
980335177
150632564
331961103
130574505
NY
802294365
543012300
902783413
730182412
352165783
388049735
208323305
144241728
625681213
108042506
210144172
436151753
726540444
071014876
376620009
020503440
770242445
480991239
209065214
323088405
309072464
55433
OH
735214552
731124414
112392607
110215306
276125243
993623034
611325730
797080969
NY
436151753
674321564
436063856
037561000
921980199
388049735
071014876
435602263
98027
670423015
210013221
OH
182522210
006804821
627949644
TOMS RIVER
336370913
112015441
076301368
981062759
450360343
871107020
900063705
975017837
AK
TX
401432575
287913528
934544806
""
082323730
669012706
407694600
435602263
064101600
921980199
724011874
462545611
WV
060671138
950651528
740062339
920294110
KY
153141027
432300977
980932871
347490216
442782117
787542121
323088405
110215306
465803212
718528745
""
BARRINGTON
AR
208321521
MA
IN
241433605
276125243
388049735
028133182
406013235
FL
AR
339071412
TN
""
950651528
MA
960010227
482022608
799023008
178707615
071014876
674321564
794151410
220313901
880011152
379229468
175229550
025402325
209064513
436061169
337578744
685102471
OK
221922491
074320343
191454910
402950202
731124426
171094839
782294866
105322140
639013318
KY
150124305
309072464
101110100
278347671
150909303
37075
376604973
466351589
TX
660670460
674321564
645062205
OK
339071412
170509400
323084489
783350611
452630001
554163013
294069350
WA
381382405
212047701
WA
341034459
395534810
835229750
165071427
305013862
567011929
713033426
808071619
402010909
547513045
917541242
600052477
957624434
322334546
304581683
913251679
833015029
329607313
FL
210783423
261054131
840943721
191063304
741335702
181036218
796032210
337034940
700062935
377620540
465152968
382011649
483342979
381195212
685052094
TN
935553183
752511527
MO
190083508
631952024
190673460
IN
220331700
142283604
MILAN
934547001
071014876
37660
704041908
672010548
190084202
452631912
761076885
731124462
IA
NJ
939022300
480386310
032445204
435514163
301652723
NJ
891251737
208502757
060372655
944042469
180452664
770242445
452636961
""
640572303
376620009
22901
300764611
850182322
754830555
432202250
914016716
TX
347487326
364603062
209025020
926303770
752847176
770902640
TX
381195212
178669668
240140310
061072434
382011649
261054131
370273280
280780327
730133617
UT
241536404
KY
752511527
CA
423031320
MO
941021405
465152968
314162549
276125243
706018990
190871709
708166038
TX
683102001
339511567
787316200
381053678
NM
TN
220331700
972256663
261014737
301652723
640554700
276125243
466351557
420029150
177027321
986323842
465270819
""
""
612349716
068113543
730965229
850182322
100255633
841076127
683102039
394026307
705033060
112013949
784043154
904031402
309072464
913627129
70447
787562433
140943133
741465229
027404935
122011368
950651528
110421017
480795491
""
142272379
FL
502083135
CO
MN
815025033
MN
112232003
021182658
381334032
146182611
403918354
NY
973552396
441213037
346138375
171121089
""
462786013
455029285
972256663
636387943
071014876
67114
""
LA
660641813
CA
MN
207703612
150909303
652653724
452498922
939127518
MN
513014342
071014876
20155
660640500
69101
770744335
100875801
726540444
913071988
784043154
144241723
497380533
WV
WASHINGTON
494248998
775153090
740128304
150909303
972256663
070805530
323088405
426021604
346013211
450144670
180455671
333083807
664427037
300764652
241433605
794145005
802651050
""
554022708
305186726
208503118
450144671
986846930
249570130
381382405
773052648
376620009
066121927
230610693
381053678
381053678
376606027
501581928
301652723
935347200
762444971
944041211
794101307
370434561
810089000
939022300
335427567
705705740
460772012
381042127
NC
922351899
""
939407885
972271800
132042866
423031320
452293026
""
900363681
949663118
951255100
787464305
835229750
774503419
850642490
871107020
958164300
970627707
376620009
640572303
""
324650160
049760468
CA
631101032
276125243
930102376
791052533
913356445
405043751
""
622262355
400719009
440608715
436112812
285472538
468044133
731043252
436061180
173271345
GA
TN
735018109
336253770
155301455
303393035
OH
468642754
136012674
730133411
234543070
MN
331794708
346904331
474024777
891305286
441242611
144241728
275365919
452155539
080432468
461431043
452474013
480352012
300151157
""
794101307
381209401
""
220331700
770406100
257041612
376620009
314161416
413390907
982212104
91745
705981398
370272829
333282205
420661194
705052028
376620009
AZ
HI
086182110
465152968
981663059
736322010
531292452
CA
314101401
389305053
922112080
516321726
550725051
958154335
972132982
420017448
631101010
667431530
""
800334563
689015254
REEDLEY
958154314
490023923
557260116
761044140
871107020
986846930
782392430
777014651
982921906
835441061
466351571
958154300
930102379
902776534
068105994
REEDLEY
200084530
009361712
897038457
104713811
AK
983351165
337578744
TX
782296071
""
""
922532907
897038457
782404331
750135508
CO
331664653
NE
FL
376012542
181036205
190402026
TN
641314029
PA
857301318
713460399
675309733
109563419
""
""
46122
322162705
""
469702637
637035049
631101032
940864807
543013531
972132982
07424
622262355
787465280
606740018
939333059
""
760485684
TN
466289800
912054528
402193857
841021591
127011743
AZ
972271800
441244192
577016000
010389750
FRESNO
895112072
853816080
808159286
958154300
BAXTER
727154820
324013636
423031449
939022300
AZ
984051807
601151207
PA
900540589
336173025
OH
136012674
430152623
730133411
IL
100875801
086181611
370552855
MN
272923012
280924407
191141028
234524336
229392344
549711312
061051719
381334032
452635156
305013862
363031928
190635139
OH
100878064
061051719
735500088
381334032
303740209
370552850
191141028
468010208
450401890
MN
229392344
296211580
619384610
614438319
430553681
674562328
735422220
757018355
370552850
""
741352611
080342945
305013862
150909303
55431
068512524
191141028
435511762
060321445
373123713
DC
287791045
637011723
FL
""
852516919
CA
238057333
462194959
381385947
241340413
975261556
303743409
201863026
TX
480512032
MN
415022917
MN
TX
326147026
CA
372320001
WI
584012541
""
314163827
303743409
PA
640865696
436234464
OR
423031320
600313300
253151977
070241958
170330858
970341733
721601905
FL
874020983
190781730
452481691
100878064
NORTH LAS VEGAS
WY
760434942
731124426
326072201
044261059
785395681
502667109
549830579
TX
""
436191857
907037384
259012830
959532442
156501805
337578744
438121873
370672845
381334032
277052508
CO
326072201
454201155
72034
799251836
752548509
CA
309072464
337571830
758352230
171121017
381334032
100875801
452481691
921284276
801340000
731124426
802202805
""
303743409
TN
071014876
440046439
920740623
TX
945982665
120201505
326072201
382572700
113722420
303743409
150092261
927288877
100875801
891092310
NM
939012903
921205256
463212907
221826002
838144961
801340000
441443272
309072464
452481691
260624049
335115900
455029285
799153226
770053647
309072464
139035929
261054131
405041764
394023107
75482
950664239
TN
""
323088405
674321564
018101501
071014876
436065110
652653724
481272170
462786013
110421119
327203260
546015429
39345
485073022
WA
549018149
100875801
992234984
331772407
430687268
92562
775394009
142272379
921980199
282751649
060505046
IN
688025020
641115941
75482
KS
190262525
276125243
261054131
296154545
100163400
CO
142283604
""
334373992
ARDEN HILLS
490064277
287158349
071014876
512471420
950651528
402021112
272158068
752306844
735055909
235053815
336351561
757731032
33915
OH
604356483
280540614
335449262
761794555
688025285
276124934
219180099
254019000
376620009
741335787
726540444
344773430
450144671
342365945
142283604
STE C504
852517203
760226932
900063705
450142889
LA
NY
466171924
220331700
""
261054131
934547001
271037109
178707615
925902661
611325730
334333920
229804432
NC
KS
325413527
OH
761793636
276077507
926605505
850311237
OR
922703203
870024257
968132411
117585303
837092502
982754880
130574505
481880004
068252562
12477
381053678
402023830
791061705
652057687
36280
905056361
217405574
276125243
329561600
342393221
249015730
303840307
683102001
840974345
366096589
944041211
300665835
972025519
303845827
240910597
928333021
838431605
277052508
77090
672112150
77450
705083833
""
080331723
170330858
629600850
068245906
381053678
490073731
209104158
850185359
543013531
913627129
""
277052508
764011803
972222244
760216606
683102001
970689290
OH
313244919
850182322
220331700
217405574
376620009
334413517
276125243
625264163
TN
420662224
306424543
325047152
760216606
537032895
770352905
958154300
750905056
276125243
247011457
TN
283582446
272171062
993624445
801245520
871107020
629595551
352061559
201553079
960973425
KS
197230191
935553130
276125243
958154335
221807021
891251509
835220565
423034551
""
850182322
184071879
100117209
276125243
640572303
469920549
835220565
376642364
CAMBRIDGE
""
465287100
617013534
AZ
IN
EDMOND
981663059
318203806
276125243
958154300
190874043
238052729
306424543
841021501
784105114
274102523
972132982
341452722
612709587
958154300
493071457
786281615
852045411
440949323
606344684
777014651
462502095
94611
499389622
501581928
740300712
939022300
""
471504948
936542096
191783311
FL
086482102
501581928
577016000
958154300
972162457
852045411
""
934053708
982251735
956782632
WA
813212743
958154300
737170862
385701720
RENTON
191783311
501581928
939404342
800334563
752093131
KS
922272630
913627129
501581928
061093119
850062848
973654860
871107020
045302614
890240069
761324516
287879427
946093480
940622751
895064540
939022300
907066505
WA
930307656
939407885
CA
125180528
676612513
070132632
685061225
441243733
606177314
662155210
378045833
436164920
741373602
436061169
636403025
478074214
490361966
278230485
165071411
926604261
349942577
""
992203649
475911252
321351331
211365655
024465622
300682764
029045707
333087109
190963450
802073139
441303457
736445160
294077464
018034872
MN
292042024
201513707
136012674
216014053
652512276
229392344
VA
535938717
100878064
282108903
305013862
774796309
200152055
479601752
330191036
448301534
190066357
750746302
470121406
191141028
978452009
190963450
061051770
633761620
150909303
483282134
905055004
426021076
260033660
070805530
563033237
OH
950651529
652653724
018304363
54301
672263444
""
130579226
376016303
442782117
376048904
455029285
NY
841320001
436065110
480091318
261054131
75251
486242022
105322140
405041764
MN
176016463
627949644
325146050
SPENCER
988442200
53511
NY
669016885
CA
150909303
TN
309072464
480352012
038650882
MCALESTER
921980199
837021323
421043336
941184216
631237818
835220565
409651223
672051228
741284845
728112089
NJ
917111607
456019031
435514163
386523319
220331700
597148801
303842145
339037094
713013613
261054131
833030587
018011851
775042118
303686156
574021460
KS
208156912
333212956
850152142
133671804
381195212
194380907
775464724
334051548
199043567
LA
490910730
992032712
176044216
IA
342365945
KY
376620009
837061337
787466673
241433605
543116633
596014948
191783311
128321221
761124843
36460
402074888
""
335261177
287913648
240164606
176044216
423031320
770573151
982036005
782293712
797568301
754557498
MOUNTAIN VIEW
757119477
450144670
138201959
298412164
462781170
TX
752849829
680463807
342365945
241433605
98057
077269360
601815628
763843100
MD
769045729
325614380
MA
573012404
190851706
895012032
064844366
KS
017763376
257011609
562586405
276153446
""
054036241
791064121
""
OH
553445347
334862359
752462013
100164324
190463706
430553681
190963450
346896221
LA
100875801
721435206
AR
372440222
NY
229392344
481089620
199584314
PA
""
305061705
""
WI
322550547
342393221
MN
674321564
363031928
752317900
046191329
640242564
FL
323084470
210140667
627949644
750392875
660839609
921205240
CA
208321521
071014876
220331700
234624542
935616748
432603539
""
60646
321596340
142283604
074241637
276125243
SANTA CRUZ
853754436
347693332
329561527
442782117
445144204
323084470
441455200
750933656
049158888
280799680
704584013
913627129
331396913
420712404
967669611
NY
952192361
376620009
159054305
906231731
105951530
272616068
554415035
""
212047705
045780095
900540589
452464202
021556160
MN
926602983
366062457
815053605
757018355
327962100
191141028
113672420
PA
382011649
492211465
990118705
23451
750872558
436061180
544013000
640556445
MA
NE
11746
549151800
150909303
462061105
617391487
AL
447084696
33762
327962100
785726688
376620009
030533220
054781636
776402000
331732505
190463706
220306077
15642
420662208
660063099
TX
674321564
554261728
570780819
782211400
465152968
100193211
337563424
235172266
105984190
366062457
941181508
344710926
452083234
478032662
082100898
191141028
731124426
669013931
NC
060513916
731124426
466351589
PA
471303748
366062457
633761680
458013968
COLUMBIA
308280046
284721437
726022417
117331079
275990001
MA
941181508
PA
465152968
217426756
TN
010406614
704582004
810052175
941052854
309072464
193823605
441171714
471303554
786661423
TX
460382637
190463706
132155103
283524637
723151425
190462725
190963450
049158888
TX
060513916
305012059
543012300
570780819
757018355
""
""
007261677
372440222
054786058
926306922
730133411
554415035
150909303
""
132155103
430553681
190463706
199584314
490311023
288033505
010406614
439351697
080432495
TX
076777711
757011955
341080104
922625785
IA
454594268
197023335
KY
940404323
OK
TN
626299672
633766438
074301199
704713022
757011955
191141028
297321777
372031513
554254516
782293725
473741909
DE
208542956
782165832
150909303
023751911
741351812
191035457
NY
303538341
532212626
MN
342951174
080033007
347873546
622491658
KS
370678233
640556445
SYRACUSE
130574503
NH
331662819
322567276
640556445
436047101
342365945
471303748
GA
""
46375
OH
653401903
757018355
WV
460382637
009205503
751439117
040059449
675022918
KS
327962100
342122994
591027423
463561816
GA
640556445
600621450
""
297321777
150909303
363012013
769013061
OK
021861535
570780819
927084048
PA
TX
331803118
209066115
674321564
435602263
640556445
776425820
031105031
488011014
329013117
FL
606163395
754822136
""
420661194
""
757018355
984310001
301356940
OH
234524336
IN
339071412
029034754
344747439
""
631282786
570495312
305013862
MD
366062457
554254516
""
769013061
465152968
100875801
760543289
049158888
150909303
313242829
788523302
331803118
TN
170112203
130213353
270128921
234524336
242096056
297321777
600184914
447084696
152132536
TN
458013968
074052186
640556445
816112710
342365945
423030877
436233075
""
194221810
972162455
24153
ASHLAND
376620009
850371365
744021760
146182662
110212414
088731388
103040693
468044159
941272221
392112667
468044133
402023801
105221509
144241728
276076834
210454527
061051719
468251545
301061103
436233075
402950202
609501534
485071024
MA
468044133
""
618012500
336032744
GA
190103411
468046280
TRENTON
292111807
543012300
061051719
331221902
282751649
452021454
303393035
468010208
218222299
331794708
136012674
OH
972021862
468010208
730133411
SC
301174401
191024204
468010208
038017156
37920
CT
NY
468055100
310237513
218042293
""
327962152
622541561
452464201
331576321
294296143
378143863
468044159
468044159
78572
303741184
100878064
MI
234524336
437016420
191141028
622255250
631101010
199584314
076461955
029045707
372440222
337564172
672063413
IN
191141028
373303212
NY
571051045
190963450
754822134
333052509
452424451
366062457
208143304
463606312
554314800
741352611
900540589
""
475463503
373880910
150909303
016101867
""
738601233
260032726
711338150
46517
285622852
032463718
73502
769045622
674321564
604224388
41031
436047101
372440222
547294410
305013862
191141028
736445160
750383813
871107022
393022106
376620009
""
TX
130219269
150909303
031105031
570491430
029045707
926585053
170332758
981041306
FL
94019
895094857
914052288
972256663
379195054
479601752
217426756
082100898
731124426
062790349
NC
191141028
638348399
570495312
945682843
995041652
260501247
165500002
528072125
PO BOX 6
115703923
CA
754607483
666061179
951255101
778364611
897038457
914052288
331762209
238601855
208544959
211141304
VA
070242748
333514513
752840223
144241786
895094857
954535100
446221115
448705776
631091210
806344957
925434428
105951530
458013968
OK
331801204
150909303
297321777
452638922
782293901
HAWTHORNE
376605892
071925275
641183973
405041780
770741424
471303748
025402325
935342866
282601643
234524336
024672206
220333309
557679401
040968412
TX
190083508
941181508
150909303
100875801
109015207
211224520
763084638
128041964
825013448
430165003
337014634
652541053
221804543
331801204
799233835
275141598
FL
381223746
435602263
685067250
570780819
794085865
297321777
130903775
990190421
278349175
915054551
572792232
770741424
462786013
435371715
990190421
MN
019304139
420662337
328287931
MN
444069008
386719526
492241793
981038126
685061281
841041125
171094839
782294866
455029285
IN
117253009
IL
191141028
606895337
WI
088373224
566492243
NJ
752351720
535812368
381382405
835229750
381832915
""
087555059
941181508
309072464
PA
183602418
333211843
894311897
728550467
787316320
282751649
088175554
374032201
94040
201863026
452021454
794231931
264526938
922707122
MN
805283402
757130459
WILMINGTON
760142022
528072125
726751423
773042656
OK
PA
394510280
680287950
342365945
076451718
229804432
333212956
KY
VA
794013924
674321564
940404208
280013902
018521334
750010580
833030587
14620
376620009
208156912
922843700
328917770
480341753
327505187
975017837
778335412
382011649
071014876
064432657
381195212
843411749
146112335
930632616
921205256
325032734
486540448
40741
465152968
454322763
800333862
229804432
786240835
780062820
100214753
480341376
835220565
206953063
AR
513014342
672051228
NY
752314308
930102379
146064200
850152142
480802351
770242445
TN
""
754831367
088311900
801340000
303743409
010022169
029045707
775817835
245022112
722055324
805269662
TN
921980199
410173422
144241723
342313454
926492178
481880004
432141532
939238650
309072464
758024550
452481691
490361610
600155024
627949644
480834536
""
071014876
207703612
VT
064821073
FL
""
982251898
009276370
042680346
314063013
300764947
028402216
241155308
159054305
708084782
215010808
342852624
PA
150129655
381385947
773812582
770662414
LA
MN
857466069
134132323
MS
159054305
""
374211688
110215306
CA
MN
770242420
458044040
871107020
864041748
082211216
864090595
322043703
871107020
940622751
436082673
802107009
242730246
441292542
242730246
NC
209104158
TN
953505341
913627129
242730246
TN
762303120
595230309
296211580
296211713
736540190
381053678
293034225
296211580
700723147
049158888
770303000
271033040
127420426
775394009
370552850
376620009
796041198
MD
329013235
208524219
""
559872149
286075008
787164106
346901857
653403702
402950293
400658142
TX
210902214
78572
329375102
""
90048
396482872
152321521
KY
276137515
231162336
272923012
730133411
337564172
018441955
864428624
800010668
125507044
381053678
373982473
762343745
""
TN
282751461
174034540
794085865
799233835
MN
950651528
MN
381334032
856142667
495032560
891455721
891092310
427012444
420666937
463752650
637034918
323088405
KY
754609378
276125243
420662224
631092128
784043154
150909303
75482
982251935
110213943
208321521
305314366
331803118
441295532
447084696
458013968
331733261
442563332
483931820
331801204
606465731
513014342
528072125
477126517
220313503
805283402
760432279
420662337
336346344
381334032
463212901
""
346138375
420661194
346138375
902104507
934544806
06033
442782117
480352012
376620009
007265533
EDINA
752314308
EDINA
33781
207703525
972083378
752310946
200371434
165011758
214011502
505362516
852054353
841073000
334149323
730696314
226048307
837048731
HARLINGEN
424311661
461436273
750383813
BROWNSVILLE
""
402171319
989421548
BROWNSVILLE
78539
926541063
940872060
381334032
70072
448830177
IN
381334032
939407885
460382637
591062493
CA
850389870
939407885
756061952
939407885
CA
TX
IN
194643223
939407885
577016000
841099830
AZ
939407885
770952517
781555008
937105282
83440
927053501
2714 WOODSIDE
207464521
CA
112358370
670052850
939407885
469471580
402061433
83440
077461903
923240836
939407885
577321303
852515620
890531465
939022420
618323849
594053031
236063169
927053501
785264780
114352410
939407885
""
923244621
532332121
939407885
194441421
852515620
913597629
954724261
AK
IL
992021510
TX
852515600
913597629
BROWNSVILLE
112343523
910161938
973021108
006021537
NC
994032829
917304850
554263019
850062772
911150735
850062772
923244614
CA
911150735
719408068
852264581
800263187
314053512
956170483
910304512
325032044
314053512
665033003
956170483
983310455
770051714
109772334
959666136
294206807
956170483
024673631
CA
221012349
117460169
782167709
CA
CA
974870819
685161892
958383466
913353700
112294915
956039522
441181513
956163073
181045034
070132473
109603226
750625323
070132473
190534168
070132473
070132473
IL
197098894
070132473
905054813
TX
070132473
070132473
""
112295027
926277730
221511115
MESQUITE
075033028
334072015
470069593
332450823
089011928
TX
201903239
601262317
956876300
936181832
452082207
770301521
069025516
TOLEDO
763010545
940404213
216632637
968141617
079402209
462061105
15317
366086768
150909303
283090908
444069008
970308554
069052213
674730070
176016743
55578
55767
973832099
73089
370871703
IN
763082447
088402431
900251782
757519003
221013822
079202655
366086768
238602518
970300154
IN
871107020
303742616
199044117
190471832
462786005
255269202
370272829
782293901
850182322
55767
922843700
AK
850182322
55037
941171013
""
850183956
808281120
791052533
55767
323512530
458460605
15857
513607043
834046493
217014546
007335028
933112026
221521521
217406638
370272829
631101010
088821801
290710425
142092402
836874058
070902520
WI
820014021
753911230
257020639
972256608
926633637
376605895
935552606
639014046
497190363
956509426
370272829
12477
863141913
138151774
25701
100256054
302902178
283043979
926541063
""
430151409
600902979
NJ
430267458
990199782
370689022
774783365
605638474
477061510
323088405
VA
972083378
462605924
74017
606313715
752847176
982610190
982610190
444069008
105674146
TN
907203371
850182322
240686446
100876960
283043978
450144671
FL
323088405
305030658
070411416
NC
871118053
009212116
009601781
97801
852042866
190834704
748202643
IN
606263221
465152968
NC
956161072
NJ
972083158
506511234
631418573
145869755
689012644
664348583
799012838
240686446
NM
934546961
774802801
606576159
292038000
NE
770302303
480991239
NJ
972083158
973911242
""
995740220
790154645
853957831
992120127
466171924
616041214
772042020
KS
606164000
871107020
03561
436134135
78229
06477
782294866
180151000
794933005
377620540
IN
939022300
MANHATTAN
794933005
616033027
128014313
281178540
851300020
SD
272637489
811477792
WV
750199494
CO
""
49221
808281120
PA
808210248
480733644
941171079
852516919
955193373
714464442
378161695
MA
WI
640633304
CA
604356675
497345220
820014021
526323452
342432000
782293901
950621323
87571
801233062
799274001
PR
808281120
342315603
441473413
430401213
447082624
208156901
891938978
928178522
PA
""
750433400
492211755
262413154
188401625
210372666
330635209
024591235
330213661
550448785
109542704
IN
""
527614205
456623943
282751803
TN
431303904
""
300682048
034313355
262413154
NC
117772190
344748468
880114688
490101595
183018264
282751803
104713322
MO
600684064
752462013
028954423
170672328
217024552
376604634
283047089
444069008
MO
19702
""
300609403
028912927
339019390
625214173
94609
TX
421037947
100186553
376620009
MS
635015362
352051636
351242216
484398069
665022750
029065300
170672328
190900013
TX
217044550
780700249
197132072
282751803
300609403
705170357
421037947
182016835
376603837
554334708
550332359
772042020
286552554
028654947
SD
""
106042901
NY
283047089
920193223
836533306
283090908
610088617
100314701
272843829
937114301
159054305
217024550
707220395
260625053
775716307
247402653
665022750
454493250
CA
283047089
731605424
559817639
674321564
076664248
214013745
197182200
551051160
808281120
954539754
808281120
954033612
557462341
049154002
19125
657126208
770542525
939238429
423031320
009265955
""
381042211
""
935552606
""
366086768
NY
79763
860013118
606053403
263301503
212015311
707220395
238052112
344748468
777014651
303686156
376620009
217024550
""
105772574
606313745
497380533
100191145
600684064
444069008
082300617
MT
366062457
302244249
128010304
021142517
105674146
150909303
150909303
212022102
334962016
55435
954535018
665022750
950459307
GA
MO
89406
026011866
129193176
152071623
21244
214013745
620522000
115304416
163652111
452114598
128010304
""
223043554
346840609
337578744
503051475
600566039
216013824
MD
009233012
951124007
200590001
150909303
871107020
303743409
546015429
077482605
KS
381053678
914052241
NE
208321513
611075059
381053678
OK
381053678
65340
571175074
028954423
10543
606344468
337571830
352131966
750011273
OH
208952504
731202151
981987665
490910730
402950251
216013824
337578744
722057101
884150489
323088405
028954423
150909303
301434896
527421329
60655
337578744
TN
347482602
381383653
115572321
547738613
954535018
296932226
546015429
770045652
009233012
689012615
323088405
""
299261624
750934028
852047286
799022931
150909303
845113909
546015429
630422736
331564227
303261012
63131
972271800
199581663
750010885
452424401
986846930
465803212
871107020
211574800
TX
657752022
402537169
850182322
662092008
770028237
""
128831139
770302400
100876960
191234004
MI
941171013
850185359
653250158
27804
100212995
546015429
993623043
851174126
CA
NJ
170330858
852333765
214013742
398342666
163231312
199584787
923113955
NY
457500449
100876960
142192933
959695832
368543666
117902598
CA
957624255
060112828
30341
009175028
482672728
296464031
342365945
381381708
871107020
477101739
752314107
19713
NE
444069008
705052028
""
427542404
159054305
550605503
452424401
602023455
665022750
042108521
01923
939013176
228014321
352131966
323088405
750010617
850182322
616021065
335115963
337578744
845113909
972271800
214013745
047431428
799222200
NY
764504228
689012644
352131966
334343958
939013176
MI
730620294
381053678
381053678
753909063
KY
711112385
764504228
141271208
634016890
546015429
606173508
283043861
077405651
150909303
""
300609403
97007
600762928
212284873
""
477101739
444067036
606173508
923953210
75165
323210489
""
381053678
331433602
972171939
550725051
TX
150909303
NJ
60645
""
450398609
323088405
550725051
846043305
02675
917114613
957582880
009703866
140943626
129012318
850182322
03561
45236
150909303
752461541
463685111
606148160
075122110
339037094
546015429
MN
781541673
FL
295820439
185120288
57106
212862204
402082118
363034454
303742616
452262326
601604156
339071412
662092008
850182322
12477
150909303
CA
112235812
CT
776425817
446360231
272627008
816239587
513014342
210510530
32073
973018148
791245724
FL
221923344
476308940
130692946
526323452
760920101
23455
306770011
NC
046091816
381195316
913604236
941171013
380242074
23320
452302192
541499656
404841475
648650280
247010489
443136901
IN
209104149
100232004
850122902
55767
150909303
949474334
150092820
064390040
648044567
402722876
549499227
321642452
430155073
674321564
10604
628632638
730696332
128010304
477101739
378770487
775213925
334413517
150909303
148107930
214013745
085402761
737630489
941084912
GA
306480069
466351392
197132072
431601481
220332917
750222706
483153140
OK
330763300
214013742
201912528
775041944
150909303
937203309
115302910
799126307
106042901
520037922
607143757
44870
""
061065527
333085818
465152968
TX
376620009
466142443
KS
477101739
674321564
128010304
FL
390832228
891315926
NE
337733437
462901024
851300020
381053678
758024550
287913535
740215853
462502095
333241807
480985801
OK
757031013
630056925
730696332
10710
740142007
214013745
451211422
334962016
665022750
607143757
705052028
""
300609403
850294757
322108112
NEW YORK
400331362
321361435
KY
554142131
150909303
152321531
""
506772929
710522603
207063038
627949636
922860460
760153600
019704815
319012503
100875801
53925
672113020
14227
208142476
283043979
150909303
295207002
214017028
664342017
352331408
100876960
OH
464106383
917399416
021863878
322164357
150909303
444069008
159054305
526323452
370689022
56515
068502840
344230730
064103757
NC
""
WASHINGTON
064420233
840743409
""
959276789
930656509
945232147
287210868
TX
212284503
622781105
208545441
462605924
60604
664342306
464106383
689012640
465152968
55767
150909303
926541063
334065878
850182322
808210248
240145711
CO
55767
115013808
460510999
305030658
328862609
070411416
35055
VT
455029285
283090908
100876960
150909303
190631719
MD
600684260
287210279
525010458
208793413
972083378
287210868
CA
875579709
911054004
147269741
930651502
""
462605924
231133825
314063928
490489611
150909303
MO
55767
935553168
850182322
850120000
064781583
100876960
934012856
334848405
328861379
600684260
464106383
787412504
980342318
941072015
475621425
95969
150909303
""
465152968
373123713
FL
444069008
WI
990060948
067622024
606112637
NV
992086052
""
775812301
850182322
212201409
606313722
990060948
526323452
377620540
60131
063553253
46033
064131168
323084470
328061215
FL
981455095
WI
287795126
NY
303742616
191786335
""
060522016
PA
064191424
CA
674321564
CINCINNATI
985012871
""
212092219
151063614
937295100
705052028
216013824
42104
520039460
NY
321749349
166482248
ME
""
112432907
665022750
105674146
150909303
653403702
""
159054305
165102304
300609403
972132982
452121848
804013208
325132699
105434336
208321576
339019390
053013216
216013824
296200968
150909303
852047286
681383931
630422736
303743409
323088405
115572321
381053678
381053678
157143338
OR
076755553
163353444
""
303261012
871107020
339019390
150909303
773404972
606148160
462605924
IN
689012640
NJ
077011936
464105235
017462364
550725051
441140001
432063583
216201221
630172152
070791855
112235812
926541063
402010909
61312
NC
774792375
PR
43608
381053678
TN
BEACHWOOD
737660006
MO
465803212
972083378
BOYNTON BEACH
389014084
030540122
37402
970681434
323088405
TX
752310946
100876960
330404224
845340130
""
731066404
370689022
MA
850205657
671563907
NJ
972083378
15650
MD
122111726
128010304
100876960
826012641
165071537
223043554
199584787
334149323
NJ
11777
850182322
MA
433261539
12401
945854460
370273282
""
654013070
283043979
468255394
725017201
NJ
841073000
WI
WI
972083158
""
880304558
370273280
334149323
444069008
359020097
""
959261991
539609437
287795146
772042020
398401335
141271581
465152968
926541063
040113310
128013471
104732634
100876960
647301840
494431848
305013862
PR
105674146
420418468
75220
163353757
CA
941171013
55767
430812200
100876960
303294021
471179035
549612523
19904
741352611
283044425
926541063
959693500
370273280
841073000
NY
935553183
EDINA
NC
704473432
843412450
070521023
551052418
762341372
816218352
OH
427542414
775467414
02914
069024108
265084451
282751803
816218304
317082108
PA
371152453
528072125
421046600
NY
TN
NC
214013745
344748468
NY
290727859
376620009
77265
028954423
DE
481622936
024591235
FORT MYERS
528072125
421037947
283748749
19702
282751803
292299785
028954423
077331971
481622936
300609404
610088617
770583675
258013615
671149015
MN
033017539
376620009
321364031
AL
745014209
427019497
TX
228018742
43551
106042901
550603957
436111248
082101162
376620009
337062943
303031804
STE B
850231261
TX
335104629
CINCINNATI
500364821
496012588
MN
444069008
631441834
772042020
370272829
477101617
194622369
028954423
337092105
""
""
376620009
150909303
671140725
875088501
43551
128047880
759514756
352096729
502083135
106042901
""
346136389
300665801
802371418
121182240
198030541
WI
026711615
794162425
214013745
OH
630422736
376014877
WV
305423508
IL
""
300609403
TX
212092219
079322815
796065220
463111925
480831732
212372309
128010304
744014945
308093089
WI
082300617
852301083
""
772042020
160467851
600684064
024591313
440411219
321142709
106042901
370274807
017603765
477101739
402021434
750215812
372281317
752310946
080831402
163231312
477257149
846043305
520016358
660612775
740142007
CO
NC
261709771
711014343
NC
MD
437399703
243400394
488383556
502083135
NE
214013742
214013745
150909303
170133697
GA
606302145
060332246
996698013
211175437
IL
452424401
163231312
719014003
088402431
720341349
959455248
339117440
NEW ROADS
730560277
100212952
376620009
774503724
777014651
772042020
DE
282751803
236064430
""
606344640
949542343
""
804432280
980275395
245232940
NJ
UT
314103962
MI
750395421
606257014
WA
787582401
100323727
444602915
796012323
NJ
972083378
902326827
KS
141271581
526323452
934051804
444201745
932742233
007941734
303742616
318301000
OR
324054517
863011427
941171013
070394807
331724511
972083158
760225934
377620540
300628707
CA
366086768
55767
DE
635480387
995742056
TX
750203016
217406638
526323430
852516919
970300154
KS
305350657
AL
235071904
342103104
006810467
731341785
366086768
972151675
CA
BATON ROUGE
370272829
218041800
MI
721030206
794933005
950770189
998017808
489151927
972083158
372325100
AZ
791052533
072032445
782294866
142192995
798311909
526323433
334314646
00646
009274802
028141471
""
33334
949011748
954033612
436141509
LA
787595295
850504206
142630001
544495703
945871507
217406638
941171013
079242530
WV
321802121
77059
385014299
303393035
974690826
088591947
009889369
009661636
009086698
850122929
462605924
336129416
BROWNSVILLE
460111216
939022300
787595295
CA
05401
483311471
260371916
436141509
NM
871107020
079202200
573501411
349963351
KY
07869
00976
106020253
184649701
661062144
782293307
""
143011136
295062627
130661442
402151179
457502123
462786005
009086696
070902520
060671851
240686446
532211067
442569072
490249110
PR
PR
992182522
070222028
481521050
113555045
55419
905055041
853645250
070411917
782293307
787595295
622343746
704711546
068042430
664149628
FL
939407885
115633505
782293901
427541418
19382
006741152
207323416
777034939
07013
""
433028138
IN
464106383
462786005
871107020
211575637
75071
787512908
958164315
261015122
295062627
IA
079202678
402992308
770566752
939022300
895020837
009266065
TX
226048307
467032038
032445204
462786005
00926
117644857
00936
00969
FL
088402431
787595295
391204737
370828931
253012313
604023441
951123413
FL
782293901
806313089
295062627
112345515
462786005
""
154018968
787455281
007268008
""
107043008
606930001
986459712
352460765
019133530
NH
411054069
956873557
782294427
871107020
261054100
373888240
857407075
604023441
606930001
295062627
287210868
770792205
547408806
TX
452262326
117253921
305715145
KY
775051823
949474334
226016365
315332333
398405829
546015429
662092603
358056437
441244062
606206232
KS
214013742
477101739
077511509
520039266
150909303
207063502
629595209
ID
381053678
OK
752183405
TN
689012615
021156013
444069008
381383653
150909303
871107022
546015429
117725423
454312576
208523410
MA
761808848
105674146
481617442
606344640
707220395
543032728
380170618
159054305
342365945
770631707
542299649
546564509
299026147
990199514
782293307
462502805
480994656
462683129
592541843
OK
""
476308967
263620373
48881
00926
TN
750573604
009707886
47834
295062627
880460691
554474467
783324189
871107020
923354773
373888263
852515620
775041823
761091055
75150
53925
283583011
031106042
472023007
845340130
""
440247030
554354525
CA
786133513
321687320
IN
760225928
300401768
295062627
201905288
16646
852344616
592705810
007303761
557260116
""
PALO ALTO
988168631
779620302
850182322
974440493
220331756
432111611
984998138
950321421
871107020
TX
700567156
295062627
007267947
NJ
420019058
891041633
OH
352266245
007264956
261751098
193354130
444068039
191444248
462786005
381334032
719136314
939022300
577017375
ROME
852515620
461436273
TX
""
TX
""
593539022
240180117
150909303
75062
453730106
381334032
954766901
986710246
550604700
TX
461436273
020481125
752192047
327464791
070541113
959262202
473750396
""
240132218
381334032
785508286
454493250
197132072
196069531
600073361
477101739
210614056
049010803
325146050
986846930
398405829
216013824
KY
445124008
939127627
145270423
665022750
WV
879011957
214013742
296874105
554314800
105674146
""
334065878
347362575
477141071
871107020
764507627
150909303
750010580
210427749
363013022
546015429
NY
WYOMING
282751461
321622699
804019541
972271800
04963
273589331
554314800
MO
543052487
611075184
669013923
320439551
285169455
285169455
FORT WORTH
790077579
986657972
543011075
654738939
402950251
""
689012615
537182950
544014107
799025008
TX
752847176
480894920
MD
214013742
295820439
972271800
12477
662092008
826012641
240183869
212759047
006140310
323099665
452293026
TN
452424401
367021168
021156110
145809053
986846930
117532113
368543666
913625703
352131966
MD
972132982
750011347
088224671
97301
070132445
163161120
OH
""
986846930
926541063
300685518
""
953705223
283044425
298047337
METAIRIE
786669495
319043227
475461883
113777036
MN
150909303
18103
320344462
10527
NC
342753366
921181987
296429309
125492251
OH
FL
300685518
926541063
941171013
295207113
787052009
731187343
850182322
562831801
199584787
334149323
925625991
770566707
752847176
850182322
370272829
452192507
OR
243012326
462605924
""
654013070
444069008
190402617
38201
NEW ROADS
""
752310946
CA
906504320
115613314
751540448
200152765
23866
105094055
441074109
483224406
372152428
100217117
119672123
852131631
420712442
688034984
688033529
PA
688034984
109702114
115812837
681302396
142264927
312116353
688034984
281527639
327961855
688034984
070541049
""
OR
054036749
630332301
689012640
657818306
114230041
117871754
674730407
995082967
328073293
760124756
952670096
352353128
OH
352353128
274011439
AR
241123700
352353128
850145815
078761345
837126241
350078764
458401241
FL
BLUFFTON
112154003
152214297
741362117
191420858
926600782
112151372
065172862
112186032
902938195
260381451
PA
960020119
951281704
WV
777262685
298037956
230832405
285406600
NJ
329534531
782311217
100212850
14221
FL
770574817
483752947
770771625
91502
232205819
077263412
342105115
BELLE CHASSE
325417304
762072204
212282305
TX
212047525
940103210
850861829
553555212
528073203
OK
208772962
212086502
TX
""
701620001
KY
131481409
930333649
782176115
900483529
MA
189601560
MD
475531219
750244821
194622498
14221
330635737
FL
140946409
802203920
797206640
142244616
294011332
070133502
857111712
PA
906404139
933115114
CA
070133502
705087060
211131396
234512913
209064709
VA
705032806
FORT WAYNE
99506
468048909
816112236
105702854
927053606
100296500
468048909
468046616
432052664
468041651
468048909
117292119
019130015
328171492
958645230
SD
803056225
TX
762103300
853021618
SALT LAKE CITY
852616555
117464550
968143805
79902
465144327
MASSAPEQUA
OH
850441701
100285970
""
304010160
730360853
LAKE JACKSON
26301
173310687
550140667
331666658
CT
VA
017422858
454391674
490858511
701242593
640812596
194900588
765494110
870482278
217549600
021554530
LA
144371313
217014546
880219210
LA
737020946
174033026
286014949
880219210
LA
LA
217022400
755010227
712595057
208743631
117331729
863053700
IN
LA
""
640572303
440951963
105101459
LA
915054554
366953959
921081698
800218294
STE B
921082806
605061590
471305989
756017437
MINNEAPOLIS
452427731
034525835
070696222
620251504
MI
NY
907202401
NEOSHO
782401760
973024561
AZ
NEW ALBANY
AZ
NY
""
454142854
191034634
764269773
208154404
481619074
""
FL
448705776
274041105
""
234563909
211576115
236011318
331437919
330263096
313245155
00680
321287136
100094938
312103076
441920002
13210
704339123
MA
066101247
115904362
352096729
282273906
704711605
242102483
339150748
704711605
009501526
476302534
852822649
704339123
AL
76932
007328335
704339123
COVINGTON
704339123
272057732
704339123
662161670
704339123
700062147
773404297
730252583
402432348
COVINGTON
704339123
324463449
840931753
704339123
TX
704339123
981162816
850122902
706015724
724011198
GA
011042361
524023061
977611209
304394019
112205803
277073394
190022607
317942352
CA
902783264
794151410
704339123
770422631
936311909
794163025
360665592
700062147
952423930
852534433
554044549
852534433
794163025
117433542
704339123
794163025
860013259
31064
794163025
794163025
704339123
TX
PARADISE VALLEY
852593325
791062430
631417138
704339123
452116378
704339123
631101010
CO
296215708
MELBOURNE
857153467
477101682
077534848
921092541
323178606
454391674
141273216
357546444
114321816
631418573
704339123
941044205
705032621
241792522
704339123
995234177
313244274
631101010
352331502
31064
442782328
282603250
704339123
173611645
454391674
780061626
024725091
315164576
314068953
832211667
NORTH AUGUSTA
45005
939404539
704339123
704339123
FL
479042099
704339123
902543951
704339123
648033810
704339123
713514771
130278307
704339123
704339123
366850849
704339123
208506029
454391674
NEW ORLEANS
LA
704339123
934051556
700062147
454403442
801114931
707377316
""
857439722
704339123
852585172
334335544
633012338
504501510
700062147
300625653
352054804
352054804
272623800
908151457
352054804
704713396
208542404
857162792
454391674
852221204
48104
926772751
750936430
301613209
841125820
454391674
704339123
10950
622697149
650201380
31794
900424120
234645616
454403442
761353202
352555309
271036059
209024053
476700879
LA
226013816
TX
704339123
352054804
454391674
PRINCETON
704339123
704473703
720403123
704031446
770807415
452427238
779790129
704479321
""
750252582
701186153
454391674
704031446
TX
208162607
226013816
226013816
826370940
CA
928684227
009361738
009361738
049015927
021394853
021394853
173252594
185031535
196103335
185031535
727650065
152300049
603051116
152300049
GA
NY
NY
112202562
327961512
283282424
871064925
272847017
902415024
""
382011649
NJ
477061510
435371877
163652111
811478329
292111807
941171013
""
722055405
342094616
321781459
681545335
689390315
294882766
381334032
100876960
94949
327465714
381053678
170431428
337578744
177015374
212441849
TN
CA
337578744
66801
477061510
117472354
690210710
16346
794085865
370302955
117105720
760142010
333345719
752511527
""
704339123
MI
303743409
627949639
554312068
794101307
770242413
TX
411052379
625264163
337051384
853967499
477061510
074504561
708107828
217015419
880114644
212295072
772042020
770279494
329374922
TN
662248700
WI
681545335
494431848
113641698
477061510
KY
812300839
331551401
AZ
088201199
""
402950251
394021295
317943643
NY
282751069
327514567
208890001
376203640
75039
750901937
330246171
""
330251353
TX
MI
038673926
436141509
""
750242606
208742648
170330854
PA
347474881
782293713
115772506
752511527
141271581
CT
011181770
937204607
LAFAYETTE
WI
""
495032560
317942749
NY
215021818
276097340
631261017
""
920845218
464043367
146185645
708107828
871107020
381190113
801345640
330674639
PA
MN
074102716
NM
287526244
70121
660457558
483822426
752511527
700053015
117474228
554354202
559121985
70601
800336018
949523040
IN
300398432
331437919
402950251
212295072
775212280
502083135
928684246
801265049
194603844
""
800420429
344743371
NY
662152311
976011106
952129475
921031407
660491995
03301
917311094
454335529
752184806
932915917
115663620
495043718
973383117
871107020
777021845
297320507
115801445
974711597
462683129
381175710
385701253
772042020
176044216
071094121
662152311
AZ
021394853
UNIT 220
OK
381334032
279093231
436041558
212971334
754552325
CA
71301
837027308
NY
402950251
194361000
700016159
501381421
123092517
MD
750879000
402950251
731093834
662152311
660491995
CORPUS CHRISTI
704582988
212086391
855414972
532264620
223141718
334846567
997230029
67206
OH
791097003
CO
660441328
SC
754552371
554261728
462261045
665022795
462561025
908154661
730716671
430826909
705068708
920373201
604023441
336347370
176044216
777021845
77586
AZ
212971334
BETHESDA
704582988
752255927
495032560
144241722
594741906
011181770
982744127
972071765
784660183
941095611
554314800
772042020
777021845
452632778
402950251
165092603
294882787
546017747
KS
130668702
113701219
937211431
062311403
FL
006040049
006040049
385012623
727030001
594741663
98270
460628311
115571923
708107828
711033981
245413500
975275788
208524872
287530069
904042143
545551411
LAKE OSWEGO
""
349520000
704582951
772042020
669013900
601876321
705035400
165071532
29625
477061510
132101144
210144339
CA
402950251
604023441
PA
660491995
765046703
038702318
430826909
666061707
772042020
708067851
662152311
""
850460305
777014612
191064404
444067036
302818909
ME
600303910
208524872
665022795
787585368
850460305
402950251
973390579
NY
PA
55712
871107020
730716671
981041132
477373868
451408965
772042020
OK
465803212
93644
199521703
176044216
331762144
208524872
801274117
284016638
772042020
00716
477061230
639020550
432713013
ID
191786335
283766605
CA
339071412
CA
680257714
946093305
68845
945378310
604023441
180453036
DE
TX
352131946
136421040
BAKERSFIELD
""
070700279
730716697
752511527
AZ
331567712
132092017
954033157
276096832
OH
OH
CA
""
""
NC
163353057
912044760
194282007
752511527
313127106
208524872
197138003
680257714
405091888
452021454
770242134
212240457
490908923
NJ
336303731
208795642
712017403
115813012
919104429
OH
97527
067083022
TX
215021818
119012583
ID
076525246
KINGS MOUNTAIN
117902554
655489005
VA
791052533
939014029
061501433
210783301
217014546
712017403
954825979
937202964
336076355
119012583
975261094
949012850
206398732
483043917
782052262
212182829
069020002
404230931
IN
163353444
260036392
GA
982749124
327572364
546015429
750505698
992202555
FL
954904305
775757626
212295072
953505341
975261094
96001
462683129
550725120
331762144
PA
857333100
212086391
704339123
545521214
197132067
""
945892441
373434431
452021454
GA
067500757
023512424
287526568
140755835
341357897
105732867
770542642
NC
GA
446636737
897038457
PANAMA CITY
GA
022418283
152300049
366400480
165500002
850182135
522421009
185031535
070700279
152300049
466152520
469920549
452452117
481972607
CT
OH
292111807
32796
TX
416539102
018791436
334421657
OH
253011841
68845
336303731
325781238
496219607
NJ
294057464
450132777
860547397
287795126
199716129
NJ
381334032
294882766
443331669
366086768
864018324
381334032
""
477061510
MC KENZIE
323085349
706018994
241153391
465803212
550444645
880118247
210371807
442123023
217406556
441341604
371294319
078341379
FL
287123897
312111837
465803212
950321031
288014104
402950251
381334032
282733416
704582988
330673325
017312139
NJ
480938900
302742620
279598504
IL
741154957
462023763
217406556
100214767
494431848
772042020
282751461
402950251
303743409
CA
782293307
787595295
336303731
288014104
462686129
402950251
631053750
460754406
339019338
279598848
494431848
794101307
752511527
689391043
327465714
327465714
606613738
043304933
462173227
060521403
436041558
480938900
731392546
115725623
794101307
WV
381194740
801123800
731124426
494431848
722055342
328861295
477061510
432354647
MD
890531465
217014546
OH
217406556
480938900
436082673
722056229
336346344
385555821
027195252
316043606
296462757
356014348
196124623
336091028
477061510
176044216
490479711
768340917
""
752511527
786284484
381190113
395072019
794101307
TX
166482247
762480111
731124426
303743409
WI
02886
212086391
544815246
049016116
494431848
373183107
080544602
009563133
161274604
370272829
200102921
341197970
352131946
""
087502803
604023441
296221886
352131946
330161897
762346156
693391052
136421040
309012700
757119477
97527
131049485
954461449
945232800
954461449
PR
29678
32958
ROUND LAKE BEACH
954461449
395072019
303405021
700723151
385012435
070700279
191786335
AZ
546015429
680257714
163148604
495012347
024813017
335422860
323212412
770553040
383440189
546015429
719096101
926533633
402053343
21208
453422554
070603253
061501433
927087516
959017118
753909032
165103688
FERGUS FALLS
928052901
787564000
070700279
70006
68845
600164539
738481230
770074303
025711046
VA
MN
TN
712017403
119012583
655369210
212086391
009701036
850503421
770028321
982749124
352051636
154018968
GA
191491725
959360423
444020280
444020280
070700279
834046371
787466551
91403
191202129
452021454
119012583
286033710
212086391
CA
436144231
349880457
501582924
""
988413188
570495088
163353444
452293091
070700279
402053343
97504
461684498
283090908
333051202
MN
OH
223063410
WI
452021454
220312902
112104730
841021591
949012850
385701505
712017403
760362600
700023531
021844764
853087143
FL
934547001
100351612
NY
313145641
OH
753731912
MD
452021454
GA
PETOSKEY
470433639
800452605
481147004
146203024
NM
320732504
02215
100875453
836473138
378014796
928311615
982749124
371295245
841041404
OH
LITTLETON
524048950
TX
992122867
145699336
451030418
772042020
712017403
212086391
314045502
495256046
FL
945204897
430828074
""
779042351
752650865
334443800
208544131
452556402
330161897
21208
130574504
711067229
100214028
""
799024660
840371873
992024862
430548181
CEDAR RAPIDS
02138
461221948
990190421
92868
677560453
770641240
93309
070365638
117432948
327514473
454101316
711067229
799959520
527323305
880052928
GA
712017403
PA
937203326
940873019
554355104
20010
217024404
245012115
452021454
937203326
481622612
775213925
548803757
212644075
816111159
405091888
524048950
070365638
112357838
271033041
860018759
850188374
72601
100222302
WI
MO
42303
708084326
070365638
070931232
897038457
245413500
130574504
145699336
853236442
600904866
405091888
477061510
NJ
748041743
863012066
060671851
338045004
852064617
477333407
462683129
145699336
ELKHORN
752347712
328033835
558112218
""
860013281
376620009
927053602
CINCINNATI
464107039
130574504
449064103
770611707
770575918
370756926
772666308
488238014
NC
""
212345214
303421709
812241850
841270128
307202536
477061510
843370155
772042020
546015429
210614280
210144339
975049741
FL
""
932632790
070902520
945586293
79765
635017528
302863666
329631680
LA
219220190
955423201
366073509
WI
393025378
58425
274154883
944033953
MD
346677151
477061510
954057815
118016131
MI
853446477
530054423
770028321
501582998
211174304
770895013
142670002
372281317
705710459
373434956
752143922
CO
787465059
674013177
460360027
700723151
100165010
440608724
021385502
545521214
927053602
85050
100143518
RI
TX
567621461
750935340
UT
191314714
226302360
774967643
787454706
730442116
705710069
802062761
814352397
007327699
804031356
32712
130574503
774295884
376014877
705087051
306552183
790153853
570495312
774013500
327948479
313145641
631260407
770743100
323084489
761335803
814021664
700723151
800334342
926182302
546015429
CT
366522144
""
130579208
782175407
681142186
570495312
""
772042020
060331372
275349479
799247443
638572526
381334032
100876960
382011649
681545335
791076813
103147034
065183137
955038901
""
334016505
297323014
681545335
781555118
210539517
630903218
100107401
208177848
752511527
402950251
719136314
011181770
442602205
951322448
430359155
337578744
""
053013498
""
782122476
301654290
196124623
279598504
349722967
652035142
136621009
KS
337578744
287123010
193310070
077301837
170431428
158573417
432354647
191786335
STE A
279598504
461315589
079201975
21208
480938900
342081023
341025031
241433605
LOUISVILLE
""
794101307
017421646
689391043
161274604
328172319
28712
25071
080052061
477061510
336091028
TRAVERSE CITY
327716012
78731
027481008
KS
662111313
302155273
772042020
032292521
394021295
212086391
777267160
794237380
287226418
278030427
405091888
146203024
477061510
CT
KY
018213479
398513639
130693100
921105254
19608
394021295
""
883106414
461684499
737372124
681545335
772042020
787585368
754604757
245022112
CO
98237
KY
KY
799122611
474024780
074504561
161274604
871107020
14625
681545335
379195102
336076355
FL
446671501
293041252
336346344
462501946
190182921
105731723
191786335
FULTON
402171417
871107607
76544
423470109
""
032292619
FRONT ROYAL
142244656
082041687
152300049
470258948
""
009192529
820014021
253012313
392326173
381190113
681142186
140201715
850062848
288014104
276096832
402171417
463215159
787233078
750884005
700567156
299026147
939022300
452116378
622204005
049015815
PA
458013959
076012206
334184583
479034699
TX
794101307
196071363
142244658
CA
115772506
373884760
435602728
21740
750010917
CA
14080
856031327
953364935
283110304
VT
176044216
441930001
474210966
NE
AZ
120901604
180151000
85318
210782143
731392997
TX
100237906
77079
019702100
""
200081250
773802243
781303556
TN
TN
RICHMOND
""
800334342
""
774013500
853087114
799024851
700723151
310933074
630173625
080035117
550605503
946115641
463049606
105732747
342223904
220331715
220331715
806344458
105983811
600483100
208776005
976331030
478071057
220331715
995171217
945014515
769021879
""
220331715
483750200
273798304
018632412
283112117
917406257
074504561
220331715
""
857153808
220331715
283015552
296014428
956022469
857153808
790721802
317926676
AZ
IN
341033006
327924143
220331715
""
93454
941141027
220331715
327924143
317926676
905054761
904034803
220331715
327924143
119501310
NEW BRAUNFELS
327924143
857333085
799022994
275262056
""
029104420
217024354
023602642
910112141
934659729
112322510
850371355
980405215
337783240
920847010
980264008
804037445
631294219
217026200
450671173
224052355
130279504
023331153
217026200
112292709
967790006
WV
115981216
775815666
444844458
214017992
105432703
334084251
385553729
916064510
112304719
948061902
283043425
950322433
940871968
TN
537115225
570495312
905055116
681545335
156421438
770242426
TX
IN
570495312
NY
670701825
624170075
902410340
""
570495312
296816546
284493830
LA
711067229
163353036
796013044
982251766
""
OK
975261257
ID
570495312
282108472
864427860
951161622
773623880
525630350
570495312
895034264
941084209
KNOXVILLE
""
833301302
CA
787466405
KY
009500014
852370369
604161867
""
782124803
853085114
793232741
638341644
ID
KY
754048128
853061727
857153808
913245463
952423037
986852727
754015635
756085316
441242271
782584084
KY
187025535
NY
CA
895021181
KY
952423037
874016225
644242610
940621487
752474914
934015820
320256966
895034264
331347239
037731462
730716679
21740
288014104
""
NY
""
CA
NC
070402670
212086391
CA
AR
385446869
750933656
""
WI
""
701157412
117474228
402950251
477061230
805251307
FL
974020451
477154863
752511527
660491995
477303074
463685111
775843371
MD
787571023
070522956
NY
""
705068708
CO
KS
212086391
FL
81632
405091888
606313707
113661526
563120340
033017539
477373868
14059
738590239
471506421
773797180
""
117972506
212873525
117561377
379228573
761260569
071019008
""
131041316
336303731
21208
196103335
553694494
661012806
496842259
215021818
""
174029001
402950251
652031625
194603844
212971334
WEST SENECA
814230280
688034984
100364902
194681631
FL
207703525
208953437
752511527
""
705068708
871107020
317943648
936623518
OK
142244656
973034436
317924807
816111159
NJ
03301
MT
850167710
""
781025324
454391674
OH
704339123
315020173
665022795
CO
954826540
088073196
176044216
NY
494431848
770776763
384014827
212086391
194603844
430826909
704582988
662152311
479042099
708107828
573012966
425446621
871541850
120191805
905036603
990067167
441224916
201903200
435515239
402950251
835305347
336076355
339022147
757012225
465803212
662152311
314021598
320552866
MI
853643657
452633724
880115130
497071401
761091893
IN
378793600
477061510
425446621
982749124
330161897
479601752
770245053
798302002
777267160
IN
""
495486927
604023441
777014679
336094181
451408965
CO
IN
336076009
785024139
983121894
212086391
071019008
757011947
549159439
130669637
752141946
772042020
007051515
787314252
465803212
""
142244656
993523302
954461449
956303402
VT
925434417
191302539
074612537
NH
960804327
594741663
761043146
339162216
212644442
655369210
198023851
354063282
940873019
070700279
GA
571043741
336220065
935555536
395072019
452021454
NY
853814240
SUGAR LAND
237011955
96720
NY
296874603
009701036
600076421
""
197132137
163353444
21208
700723151
658012580
339162216
625 HOPMEADOW ST
331762144
119012583
070700279
405091888
35210
481613798
297280245
28277
""
932380749
93534
""
170330858
546015429
208953728
283090908
968191469
223062412
GA
119012583
853087143
LA
452021454
834046371
PA
163352559
860011582
212644250
21208
799253600
327572364
997800033
00961
816156478
712017403
461437241
10016
331762144
100214028
112357838
810032700
IL
""
496848153
""
986626648
OH
163353445
018264762
GA
212295072
TX
402053343
00911
703464376
""
191786335
731171039
145699336
196124623
452554781
GA
WESTFIELD
146420001
MOREHEAD CITY
078561507
087541058
711067229
212644442
245020578
436234385
982749124
530816127
TN
452021454
554355104
982749124
712017457
TOLEDO
054036210
712017403
379174540
949012850
928828074
452021454
772042020
982749124
073065508
331251655
451030418
937103739
777267160
524048950
841021507
145699336
958193220
TN
376620009
780160589
930035796
""
700 E EL CAMINO REAL
382011649
712017403
146203024
069020002
501383121
975261094
599013158
558115643
054036210
344744466
982749124
112184003
208171844
132042859
245413500
217014546
117393500
863147626
293792838
77706
022415348
746011910
276096832
253132042
295042407
975275701
452192364
066114566
752194265
451030418
139052914
376620009
215021818
AZ
760652946
MN
475910665
995590528
LA
977086096
612651356
212295072
200102921
635017675
132042859
278342801
LA
381195510
""
752043140
449064103
145699336
537194993
11362
212261797
452061785
125537769
110214717
MD
208890001
""
""
773737162
130574504
CA
IN
477061510
296221886
770574989
853743200
48025
774013500
880115091
100163467
752043130
982749124
BRENHAM
853087107
449032269
774502237
OR
105123990
48346
787233078
845340130
43615
070441366
28562
""
""
75904
454151180
MN
546015429
306552183
772042020
810470150
752846098
452292843
NC
042762100
449064103
23435
841082392
477333407
372156103
454391674
787276431
461221411
366073509
346677151
752650865
212086391
600745500
604418006
CA
130574503
845113417
853087114
125537769
323083501
WILMINGTON
526323433
967480408
069055466
49774
334123030
501582998
501582998
860013281
452021454
760971899
777021845
954826540
AZ
774013500
449064103
210144324
210144339
200152916
527721347
983833510
873270339
336303731
454391674
240732402
752511527
477061510
13057
LA
551231188
117772188
452116375
WEST CHESTER
772042020
777021845
770028321
770028321
452021454
215027328
""
TX
215021818
PHILADELPHIA
323084489
772042020
834047531
752194265
215026491
300806315
773803242
218017199
430267565
100282973
223062412
SWANSBORO
850860455
68901
215010808
800334342
TX
212086391
057739547
777021845
432603396
628120000
945493358
730442116
970304617
480386310
980074387
805016964
325711014
397052005
760151619
254021146
476308967
476308954
949012850
908133244
777072553
750013623
323084489
372320001
480386310
853087114
700723151
775364161
835015057
PEARLAND
546015429
283090908
MN
037662647
774013500
215023772
860011435
146212731
463210395
79902
476308954
476308954
376604657
752043130
100214028
450146806
""
799022985
132101651
800334342
""
772042020
283480647
CT
112356697
478024168
215011572
159052528
476308954
11552
379161854
045530216
770575641
201903239
MD
CO
787571023
344772675
705710250
376202708
931081626
12520 LAKELAND DR
760151619
14625
331442042
954378260
958193800
678640757
761075029
447183619
PR
325047152
805377977
547016831
TN
477061510
TN
145699336
77355
393025378
477061510
""
393025378
347111968
84405
480812157
309073201
""
351263290
""
170599674
777021845
MA
75062
761802313
920716957
447183619
383102461
717420729
SEATTLE
286409520
100163540
570495312
373124803
447183619
975261035
775053908
769027200
752444643
814014234
454192459
799022985
841174204
837044844
080874020
068315151
087332804
21208
TX
WINCHESTER
MD
63128
791061708
992021510
602031502
427219172
303393084
773384288
""
799354202
MA
772042020
570495312
070522905
740127950
660442249
932122314
